file,lon,lat,variable,time_start,time_end,pixel_count,valid,invalid,min,max,mean,median,std,pixel_value
A20210012021031.L3m_MO_CHL.x_chlor_a.nc,33.2;33.5,-25.9;-26.1,chlor_a,2021-01-01T00:10:01Z,2021-02-01T02:59:59Z,28,28,0,0.188264,0.213925,0.198236,0.197827,1.036865,
A20210322021059.L3m_MO_CHL.x_chlor_a.nc,33.2;33.5,-25.9;-26.1,chlor_a,2021-02-01T00:05:01Z,2021-03-01T02:24:59Z,28,28,0,0.188738,0.356088,0.242602,0.245345,1.151537,
A20210602021090.L3m_MO_CHL.x_chlor_a.nc,33.2;33.5,-25.9;-26.1,chlor_a,2021-03-01T00:25:01Z,2021-04-01T02:49:59Z,28,28,0,0.171026,0.265369,0.215903,0.217832,1.112395,
A20210912021120.L3m_MO_CHL.x_chlor_a.nc,33.2;33.5,-25.9;-26.1,chlor_a,2021-04-01T00:00:01Z,2021-05-01T02:59:59Z,28,28,0,0.164218,0.230181,0.189987,0.186554,1.091188,
A20211212021151.L3m_MO_CHL.x_chlor_a.nc,33.2;33.5,-25.9;-26.1,chlor_a,2021-05-01T00:00:00Z,2021-06-01T02:49:59Z,28,28,0,0.137067,0.161828,0.148113,0.148639,1.048729,
A20211522021181.L3m_MO_CHL.x_chlor_a.nc,33.2;33.5,-25.9;-26.1,chlor_a,2021-06-01T00:45:01Z,2021-07-01T02:59:59Z,28,28,0,0.203708,0.305824,0.239524,0.236403,1.112562,
A20211822021212.L3m_MO_CHL.x_chlor_a.nc,33.2;33.5,-25.9;-26.1,chlor_a,2021-07-01T00:55:01Z,2021-08-01T02:20:00Z,28,28,0,0.276288,0.317147,0.296668,0.295823,1.039286,
A20212132021243.L3m_MO_CHL.x_chlor_a.nc,33.2;33.5,-25.9;-26.1,chlor_a,2021-08-01T00:20:00Z,2021-09-01T02:45:00Z,28,28,0,0.281438,0.392824,0.319797,0.307373,1.111338,
A20212442021273.L3m_MO_CHL.x_chlor_a.nc,33.2;33.5,-25.9;-26.1,chlor_a,2021-09-01T00:45:00Z,2021-10-01T02:55:00Z,28,28,0,0.255592,0.291003,0.266755,0.265353,1.032190,
A20212742021304.L3m_MO_CHL.x_chlor_a.nc,33.2;33.5,-25.9;-26.1,chlor_a,2021-10-01T00:00:00Z,2021-11-01T02:19:59Z,28,28,0,0.200380,0.227994,0.212576,0.214321,1.034236,
A20213052021334.L3m_MO_CHL.x_chlor_a.nc,33.2;33.5,-25.9;-26.1,chlor_a,2021-11-01T00:10:01Z,2021-12-01T02:29:59Z,28,28,0,0.134680,0.150430,0.144403,0.145289,1.028193,
A20213352021365.L3m_MO_CHL.x_chlor_a.nc,33.2;33.5,-25.9;-26.1,chlor_a,2021-12-01T00:25:00Z,2022-01-01T02:04:59Z,28,28,0,0.114367,0.142769,0.124931,0.124357,1.054606,
AQUA_MODIS.20210101_20210131.L3m.MO.SST.x_sst.nc,33.2;33.5,-25.9;-26.1,sst,2021-01-01T00:10:01Z,2021-02-01T02:59:59Z,28,28,0,27.689999,28.480000,28.046246,27.967499,0.228288,
AQUA_MODIS.20210201_20210228.L3m.MO.SST.x_sst.nc,33.2;33.5,-25.9;-26.1,sst,2021-02-01T00:05:01Z,2021-03-01T02:24:59Z,28,28,0,27.209999,28.779999,28.052855,28.067499,0.324754,
AQUA_MODIS.20210301_20210331.L3m.MO.SST.x_sst.nc,33.2;33.5,-25.9;-26.1,sst,2021-03-01T00:25:01Z,2021-04-01T02:49:59Z,28,28,0,27.590000,27.834999,27.684286,27.689999,0.055897,
AQUA_MODIS.20210401_20210430.L3m.MO.SST.x_sst.nc,33.2;33.5,-25.9;-26.1,sst,2021-04-01T00:00:01Z,2021-05-01T02:59:59Z,28,28,0,26.599998,26.795000,26.668036,26.662498,0.049142,
AQUA_MODIS.20210501_20210531.L3m.MO.SST.x_sst.nc,33.2;33.5,-25.9;-26.1,sst,2021-05-01T00:00:00Z,2021-06-01T02:49:59Z,28,28,0,25.059999,25.344999,25.188036,25.174999,0.081156,
AQUA_MODIS.20210601_20210630.L3m.MO.SST.x_sst.nc,33.2;33.5,-25.9;-26.1,sst,2021-06-01T00:45:01Z,2021-07-01T02:59:59Z,28,28,0,23.525000,23.799999,23.648752,23.650000,0.081236,
AQUA_MODIS.20210701_20210731.L3m.MO.SST.x_sst.nc,33.2;33.5,-25.9;-26.1,sst,2021-07-01T00:55:01Z,2021-08-01T02:20:00Z,28,28,0,22.285000,22.484999,22.422319,22.432499,0.044007,
AQUA_MODIS.20210801_20210831.L3m.MO.SST.x_sst.nc,33.2;33.5,-25.9;-26.1,sst,2021-08-01T00:20:00Z,2021-09-01T02:45:00Z,28,28,0,21.889999,22.084999,21.959108,21.952499,0.046542,
AQUA_MODIS.20210901_20210930.L3m.MO.SST.x_sst.nc,33.2;33.5,-25.9;-26.1,sst,2021-09-01T00:45:00Z,2021-10-01T02:55:00Z,28,28,0,22.490000,22.725000,22.594284,22.590000,0.063608,
AQUA_MODIS.20211001_20211031.L3m.MO.SST.x_sst.nc,33.2;33.5,-25.9;-26.1,sst,2021-10-01T00:00:00Z,2021-11-01T02:19:59Z,28,28,0,23.139999,23.389999,23.278034,23.282499,0.055875,
AQUA_MODIS.20211101_20211130.L3m.MO.SST.x_sst.nc,33.2;33.5,-25.9;-26.1,sst,2021-11-01T00:10:01Z,2021-12-01T02:29:59Z,28,28,0,23.434999,24.000000,23.756605,23.794998,0.160073,
AQUA_MODIS.20211201_20211231.L3m.MO.SST.x_sst.nc,33.2;33.5,-25.9;-26.1,sst,2021-12-01T00:25:00Z,2022-01-01T02:04:59Z,28,28,0,25.955000,26.570000,26.232859,26.230000,0.144812,
